[[[255 255 255]
  [255 255 255]
  [255 255 255]
  ...
  [  0 113 188]
  [  0 113 188]
  [  0 113 188]]

 [[255 255 255]
  [255 255 255]
  [255 255 255]
  ...
  [  0 113 188]
  [  0 113 188]
  [  0 113 188]]

 [[255 255 255]
  [255 255 255]
  [255 255 255]
  ...
  [  0 113 188]
  [  0 113 188]
  [  0 113 188]]

 ...

 [[  0 113 188]
  [  0 113 188]
  [  0 113 188]
  ...
  [ 26  21  20]
  [  0 113 188]
  [  0 113 188]]

 [[  0 113 188]
  [  0 113 188]
  [  0 113 188]
  ...
  [ 23  18  17]
  [  0 113 188]
  [  0 113 188]]

 [[  0 113 188]
  [  0 113 188]
  [  0 113 188]
  ...
  [ 22  17  16]
  [  0 113 188]
  [  0 113 188]]]